1	0.877484	1	1
2	0.440538	1,991846333	0,9959231667
3	0.294489	2,979683452	0,9932278172
4	0.228758	3,835861478	0,9589653695
5	0.193439	4,53623106	0,907246212
6	0.173486	5,057952803	0,8429921339
7	0.197605	4,440596139	0,634370877
8	0.185057	4,741695802	0,5927119752
9	0.176504	4,971468069	0,552385341
10	0.173836	5,047769162	0,5047769162
11	0.173438	5,059352622	0,4599411474
12	0.172788	5,078385073	0,4231987561		
13	0.205809	4,263584197	0,3279680152
14	0.192204	4,565378452	0,3260984609
15	0.183455	4,783102123	0,3188734749
16	0.176377	4,975047767	0,3109404854
#NTH	time		Speedup S	Eficiencia paralela
